1.6239962577819824
1.5269989967346191
1.1649975776672363
5.013838052749634
1.448448896408081
0.5023531913757324
0.461899995803833
0.9166784286499023
1.441528081893921
0.6540217399597168
2.794989585876465
0.5628676414489746
0.5084121227264404
4.413504362106323
1.0750102996826172
0.5403823852539062
2.929354190826416
1.3240442276000977
3.0150821208953857
1.7339911460876465
0.8929977416992188
1.2648208141326904
1.5189979076385498
0.7924320697784424
1.5849995613098145
4.428878307342529
1.4299211502075195
1.0891053676605225
1.0219943523406982
1.4510080814361572
2.357975482940674
0.513455867767334
1.4059972763061523
2.1129961013793945
0.7390038967132568
0.7630352973937988
1.4328081607818604
0.6841425895690918
1.8568999767303467
1.27199125289917
0.6917760372161865
1.2800321578979492
1.875124454498291
1.74485445022583
2.1019909381866455
8.638997554779053
7.257001161575317
1.7309978008270264
4.237309217453003
0.8452951908111572
0.6088337898254395
1.0720007419586182
1.1131064891815186
2.983006477355957
2.3549964427948
6.057809114456177
0.6839990615844727
1.3349969387054443
4.104869365692139
0.7028164863586426
2.0149953365325928
0.2780005931854248
1.2270023822784424
1.6351940631866455
0.7252364158630371
1.38795804977417
0.807051420211792
3.7280094623565674
0.35651540756225586
1.1181614398956299
0.3130037784576416
1.2065460681915283
1.7320034503936768
2.510202169418335
0.499373197555542
1.3148348331451416
0.7483487129211426
0.9972050189971924
0.5210056304931641
0.4528472423553467
1.049149751663208
1.3569831848144531
1.637554407119751
0.8900630474090576
1.4511547088623047
0.24817252159118652
0.5136041641235352
1.2740867137908936
2.075998306274414
1.4320135116577148
1.358992338180542
1.6315066814422607
0.3889925479888916
0.7003140449523926
1.1798887252807617
5.712003231048584
0.3978848457336426
0.7392213344573975
0.78802490234375
1.2151484489440918
2.251006841659546
0.2839972972869873
1.4380009174346924
1.2229084968566895
1.3659937381744385
0.501964807510376
2.9763717651367188
1.7563893795013428
1.3799982070922852
1.1014163494110107
0.8440086841583252
2.359008312225342
0.9320034980773926
1.6654746532440186
1.075002670288086
2.267211437225342
0.7600083351135254
1.0727078914642334
0.7039964199066162
1.539003849029541
2.0789966583251953
1.6710004806518555
1.5559988021850586
1.6290009021759033
1.2679986953735352
0.881000280380249
1.7860004901885986
0.7770035266876221
1.0839998722076416
2.074004888534546
2.153827667236328
1.8128881454467773
0.37800073623657227
1.1289973258972168
1.8500030040740967
1.8670005798339844
0.4540066719055176
1.2947604656219482
0.7655692100524902
3.581002950668335
2.6740009784698486
2.3559939861297607
0.5946917533874512
0.7540333271026611
0.7506670951843262
0.42963480949401855
0.49500083923339844
2.576068878173828
1.592008352279663
0.5075783729553223
2.1390063762664795
1.6646249294281006
0.5090076923370361
1.083007574081421
1.1639988422393799
4.099993705749512
0.7730064392089844
0.5124707221984863
1.4430043697357178
0.26000213623046875
1.4510095119476318
1.978994369506836
0.6700358390808105
2.252206325531006
0.8916873931884766
1.9227380752563477
0.6619997024536133
1.5618627071380615
0.7369298934936523
0.7037324905395508
1.2139952182769775
3.6160085201263428
0.7988004684448242
1.7710399627685547
1.0509839057922363
0.2490684986114502
1.3957605361938477
1.4998607635498047
0.7100198268890381
2.0527706146240234
0.8687648773193359
0.6710031032562256
1.0760087966918945
0.4650101661682129
0.8129880428314209
2.8098340034484863
0.901993989944458
0.42099618911743164
3.963486433029175
1.9515984058380127
1.0099577903747559
1.1480145454406738
1.4826176166534424
1.6534616947174072
1.3180005550384521
0.9527301788330078
2.019991874694824
0.9236416816711426
1.329178810119629
0.6241328716278076
1.7830030918121338
3.5222153663635254
1.0118467807769775
0.8769595623016357
1.8250102996826172
2.029975414276123
2.0509939193725586
1.3743879795074463
0.6229937076568604
0.648735523223877
1.321000337600708
0.8130700588226318
1.959003210067749
4.907010316848755
0.5739936828613281
2.102595090866089
0.7509868144989014
0.937305212020874
0.7851743698120117
0.9944565296173096
2.5980489253997803
0.7119879722595215
0.7581055164337158
1.5686006546020508
0.6388695240020752
0.8299908638000488
0.5080037117004395
1.5543110370635986
0.5972719192504883
1.525000810623169
0.6486730575561523
0.8209962844848633
0.4890592098236084
0.672982931137085
1.0674550533294678
3.1510062217712402
0.35201168060302734
0.43900156021118164
1.7811102867126465
2.069005250930786
19.473521947860718
0.8289976119995117
17.10177230834961
0.8199934959411621
3.175234794616699
1.097005844116211
6.607004642486572
1.8423166275024414
2.026153326034546
0.698981761932373
0.6029953956604004
2.252000331878662
2.0719997882843018
1.1286237239837646
1.3068289756774902
0.6061670780181885
0.5897650718688965
1.4661009311676025
1.6818161010742188
1.616593360900879
0.9979991912841797
1.949005365371704
1.1872622966766357
2.4510021209716797
12.02700138092041
3.51499605178833
3.05299973487854
2.1425280570983887
1.6850013732910156
1.2070035934448242
1.3949954509735107
2.614004611968994
2.252666473388672
0.9369986057281494
2.2910008430480957
5.12399959564209
2.910001754760742
5.006282329559326
1.3850033283233643
1.379612684249878
2.946367025375366
0.7943379878997803
1.8454334735870361
0.8379952907562256
0.5092310905456543
2.4999825954437256
0.5140073299407959
0.7530043125152588
3.436350107192993
2.0281426906585693
1.5160043239593506
1.758028268814087
0.4627060890197754
1.532716989517212
0.7017202377319336
0.6470024585723877
0.47507309913635254
1.2300090789794922
1.2000036239624023
3.668321371078491
1.4858191013336182
1.949998140335083
1.021655559539795
1.2536427974700928
1.7945499420166016
1.4679844379425049
0.6633133888244629
1.5215122699737549
1.4116170406341553
1.73500657081604
2.4303810596466064
0.7839925289154053
0.6169981956481934
0.7079944610595703
0.5070109367370605
3.109999895095825
0.482999324798584
1.0536787509918213
1.4085099697113037
1.5595982074737549
0.9873440265655518
1.44191312789917
0.5296733379364014
2.895176649093628
1.4722371101379395
1.4646999835968018
1.387178897857666
1.1287662982940674
1.5840096473693848
0.5649402141571045
1.521385669708252
1.7680037021636963
1.5564336776733398
1.5856592655181885
0.5282659530639648
0.4140205383300781
1.1240875720977783
1.5472912788391113
2.313979148864746
0.9259955883026123
0.6169772148132324
1.956345796585083
0.25986385345458984
3.218686819076538
1.0246942043304443
1.2417385578155518
1.2145912647247314
2.9440064430236816
0.2409958839416504
0.9540901184082031
4.8259851932525635
1.7079904079437256
4.096006631851196
0.7400436401367188
1.1159577369689941
3.082714319229126
1.0211420059204102
2.55297589302063
1.3320822715759277
3.792323350906372
0.673142671585083
1.2560858726501465
2.7270023822784424
1.0850017070770264
2.7009994983673096
0.7430026531219482
1.4980003833770752
2.133000612258911
2.986621141433716
1.9543006420135498
1.5309932231903076
1.1620352268218994
1.6387910842895508
0.8331112861633301
3.1486141681671143
0.4639930725097656
1.7399888038635254
1.5959875583648682
1.432739019393921
1.0048062801361084
1.771233081817627
0.8320491313934326
0.45799708366394043
0.7370014190673828
0.9039924144744873
2.7880003452301025
1.8814818859100342
1.5306603908538818
2.782996654510498
0.6664834022521973
0.5788633823394775
0.7294948101043701
0.7269856929779053
1.8740103244781494
0.7982194423675537
1.356001853942871
4.7589967250823975
1.3326067924499512
2.081209897994995
0.32698893547058105
1.5969996452331543
2.814005136489868
1.507570743560791
0.6100125312805176
0.44268012046813965
1.2293128967285156
0.546999454498291
0.8977959156036377
0.8596391677856445
1.3199527263641357
1.398005723953247
0.5219473838806152
2.609006881713867
0.46123170852661133
2.5825419425964355
0.5002651214599609
1.5196735858917236
0.5744190216064453
1.0344233512878418
0.534825325012207
0.8055746555328369
3.1063947677612305
0.5777137279510498
3.235039234161377
0.6500005722045898
0.969989538192749
1.3519904613494873
2.6180005073547363
1.6270215511322021
2.170247793197632
0.9839823246002197
1.8240039348602295
0.5437002182006836
1.3536195755004883
0.4469320774078369
1.3783965110778809
1.127009630203247
1.7739923000335693
2.987156629562378
1.6019930839538574
1.685997724533081
2.862412214279175
4.399744272232056
1.3960001468658447
1.3649992942810059
2.4933440685272217
0.8533706665039062
3.019451379776001
1.2132322788238525
0.9036612510681152
3.2919938564300537
6.5435850620269775
1.5494532585144043
0.3439979553222656
1.4169111251831055
1.4100027084350586
0.741985559463501
0.6462075710296631
2.354990243911743
0.6210019588470459
1.1778528690338135
0.960343599319458
0.794001579284668
0.5170004367828369
2.847003936767578
0.6719250679016113
2.9616286754608154
0.7620093822479248
2.1901936531066895
1.6010005474090576
1.6593947410583496
1.1349055767059326
1.8625540733337402
2.757997751235962
2.2839465141296387
0.8329002857208252
0.47700023651123047
1.5357353687286377
2.7349932193756104
0.44145703315734863
1.2629945278167725
0.8544752597808838
1.9149823188781738
1.712156057357788
1.0580167770385742
0.49970054626464844
1.849517822265625
1.4120616912841797
1.696822166442871
0.6621043682098389
1.5830042362213135
1.149010419845581
1.045997142791748
0.9855527877807617
0.530099630355835
0.9730000495910645
0.9570522308349609
0.6298871040344238
1.780792236328125
1.1245779991149902
1.3999996185302734
3.1405670642852783
0.7650003433227539
0.5211637020111084
1.6139945983886719
2.787984848022461
3.365121841430664
1.0759663581848145
1.55800199508667
0.8005712032318115
1.9110002517700195
1.2597439289093018
1.2224087715148926
2.1596450805664062
0.9387156963348389
2.2202279567718506
0.4644784927368164
0.5999176502227783
0.6013062000274658
0.3879978656768799
1.642665147781372
0.5076665878295898
1.7885801792144775
2.0030031204223633
0.6400003433227539
1.4100019931793213
1.0331284999847412
0.8790063858032227
0.776989221572876
1.0194928646087646
2.014002799987793
0.39915943145751953
2.4269800186157227
1.3070077896118164
1.3649935722351074
0.8455202579498291
2.099574565887451
0.9111976623535156
0.9680001735687256
1.1549930572509766
0.9990038871765137
0.7291078567504883
1.4274392127990723
2.0149855613708496
1.4260022640228271
1.4323005676269531
2.0660042762756348
0.3809959888458252
2.8090035915374756
0.8550000190734863
1.4535002708435059
1.0791220664978027
3.1408004760742188
2.1206138134002686
0.6796460151672363
2.061999559402466
0.5180103778839111
1.166992425918579
3.1380741596221924
0.9571409225463867
0.5360217094421387
1.4879801273345947
1.5227034091949463
3.054910659790039
2.440936326980591
2.5617432594299316
0.3729548454284668
0.573007345199585
1.072786569595337
1.6040773391723633
1.7000014781951904
0.8208668231964111
0.40400242805480957
1.0989129543304443
1.4778687953948975
0.23900794982910156
0.6230278015136719
2.2662954330444336
0.8674240112304688
1.346998929977417
0.8287169933319092
0.5176548957824707
1.6477067470550537
1.000795841217041
0.41898202896118164
0.5426149368286133
0.9600083827972412
0.6349935531616211
0.6000018119812012
0.5876438617706299
0.7203137874603271
2.3394110202789307
1.7509267330169678
0.9453580379486084
0.9976933002471924
1.5909857749938965
0.24600005149841309
1.2722766399383545
1.686490535736084
0.7440056800842285
1.661996841430664
1.5441651344299316
1.597377061843872
1.0230019092559814
0.9740064144134521
0.5963451862335205
0.783984899520874
2.3247313499450684
0.740985631942749
1.8360013961791992
1.6580848693847656
1.4714329242706299
0.6780931949615479
3.3790011405944824
1.9392602443695068
0.9417355060577393
2.689988613128662
0.6899995803833008
0.6511693000793457
1.0817608833312988
2.3357179164886475
3.197005271911621
1.4840116500854492
0.5510001182556152
2.7476165294647217
1.797997236251831
0.8940041065216064
1.4658076763153076
0.8741376399993896
0.7025673389434814
1.6599924564361572
0.6040043830871582
1.0379021167755127
0.6338872909545898
0.7821254730224609
3.0333199501037598
0.3029940128326416
0.4779996871948242
1.7273759841918945
0.7261207103729248
0.5038211345672607
1.1381993293762207
1.444528579711914
0.34709668159484863
1.4639317989349365
1.0629246234893799
0.8830001354217529
1.102729082107544
0.7262396812438965
0.9369993209838867
2.0636606216430664
2.1064867973327637
0.32914185523986816
0.5439763069152832
2.011786699295044
0.1941525936126709
1.362800121307373
1.1591594219207764
0.9386699199676514
0.5619392395019531
1.6774013042449951
0.5600628852844238
1.480989933013916
1.4330251216888428
0.5839974880218506
0.7554821968078613
0.7540104389190674
0.9888498783111572
1.0399940013885498
1.2619976997375488
1.468003749847412
3.2909176349639893
1.6939821243286133
0.5297112464904785
0.6765894889831543
0.9253275394439697
0.9736011028289795
2.299675226211548
1.5889899730682373
3.7339799404144287
0.3337891101837158
1.2673652172088623
0.9699435234069824
0.8189985752105713
1.7639834880828857
1.2792057991027832
2.1656668186187744
0.5544314384460449
0.771005392074585
0.3683502674102783
0.8501026630401611
0.4239990711212158
0.7240321636199951
0.889005184173584
0.8768422603607178
0.7054150104522705
1.5907094478607178
2.3004238605499268
0.7558889389038086
2.1489956378936768
1.274998664855957
0.4885988235473633
0.44100046157836914
1.9517736434936523
1.5033199787139893
1.0233309268951416
1.4395203590393066
0.6687688827514648
1.7154803276062012
1.812291145324707
0.545356273651123
2.167574405670166
1.9176738262176514
0.22798919677734375
0.35199427604675293
1.1299984455108643
1.3810107707977295
3.7986185550689697
0.6509995460510254
0.9485642910003662
1.2569282054901123
0.6603002548217773
1.8080015182495117
1.6120035648345947
1.3272294998168945
0.42215657234191895
0.75699782371521
0.35353589057922363
1.007997989654541
0.8500587940216064
0.9112875461578369
0.5466501712799072
2.101086139678955
0.6027529239654541
0.5924873352050781
0.8417458534240723
0.9336612224578857
0.7089591026306152
1.0436272621154785
1.0550100803375244
1.6620147228240967
0.6515161991119385
1.916996955871582
1.1745641231536865
0.9728221893310547
0.8863890171051025
1.9489505290985107
0.8128836154937744
0.9092199802398682
1.894226312637329
1.4749410152435303
1.1749942302703857
2.967003107070923
1.4879992008209229
0.6910066604614258
0.8579263687133789
1.9729540348052979
1.9480013847351074
0.4980049133300781
1.8608267307281494
2.6340911388397217
0.950056791305542
0.4609954357147217
1.7569985389709473
0.9417901039123535
0.9090001583099365
2.447821617126465
0.7932486534118652
0.39159393310546875
2.2087514400482178
1.4374890327453613
0.9068818092346191
9.395251989364624
4.3407347202301025
2.4239771366119385
1.1400039196014404
1.620161533355713
0.9300010204315186
1.2090060710906982
2.4360058307647705
1.9379990100860596
0.6702845096588135
0.7771570682525635
0.7695736885070801
0.5359654426574707
1.718003511428833
1.1679565906524658
0.6513445377349854
0.6524381637573242
0.8775231838226318
0.7697732448577881
2.747305154800415
0.8020057678222656
0.5017740726470947
0.8044536113739014
3.0939815044403076
2.663686990737915
0.6630344390869141
0.592003583908081
3.799996852874756
1.1060056686401367
1.1200032234191895
3.089182138442993
2.18987774848938
1.6722068786621094
1.9549825191497803
0.783958911895752
1.3484430313110352
0.7170276641845703
0.37942051887512207
0.48604393005371094
0.5959975719451904
0.4843587875366211
1.6932625770568848
0.9001433849334717
0.9599864482879639
1.5004658699035645
1.7660160064697266
0.7250030040740967
1.643010139465332
2.8974950313568115
0.5884575843811035
0.8319916725158691
0.5988531112670898
0.9402282238006592
1.2176778316497803
1.883018970489502
3.574981212615967
0.4797244071960449
1.0493528842926025
0.6019980907440186
1.613654613494873
0.8204925060272217
1.3017592430114746
0.4202423095703125
1.5128905773162842
0.8232393264770508
3.3245599269866943
1.5803649425506592
0.9409925937652588
2.380016326904297
1.4593698978424072
2.4264414310455322
2.4509215354919434
0.9226527214050293
2.052933692932129
3.3779993057250977
2.4639978408813477
1.3279974460601807
1.528961420059204
1.6159133911132812
1.8469672203063965
1.8153328895568848
1.949998378753662
1.2470002174377441
0.9809303283691406
0.7110919952392578
1.2260105609893799
0.483001708984375
0.9214026927947998
0.9889886379241943
0.5020027160644531
0.8490025997161865
1.5221927165985107
0.7812416553497314
1.789029598236084
0.399960994720459
0.7830007076263428
2.5243947505950928
0.808830738067627
2.080064535140991
2.0330605506896973
2.0691685676574707
2.0336623191833496
1.7537729740142822
0.7903580665588379
1.505112886428833
1.1789965629577637
0.7320759296417236
1.5983736515045166
0.5909945964813232
1.558347463607788
2.058922052383423
0.5520017147064209
1.5749335289001465
0.6199965476989746
0.5550065040588379
0.5849971771240234
1.448211908340454
2.9063069820404053
0.8319969177246094
1.4107165336608887
1.251861572265625
1.0326638221740723
1.275160312652588
0.4031398296356201
1.358253002166748
3.29866099357605
1.9170513153076172
1.0182056427001953
2.6669974327087402
0.60675048828125
1.3002972602844238
0.7719986438751221
1.4100892543792725
0.6926224231719971
0.8291664123535156
1.2435920238494873
0.7490518093109131
2.000009536743164
2.2156476974487305
2.502652645111084
1.261063575744629
1.3386881351470947
1.6580278873443604
1.6395790576934814
0.7815513610839844
1.4698667526245117
1.8132028579711914
0.8472335338592529
1.239872932434082
1.1145107746124268
0.7089681625366211
0.6307754516601562
1.546006441116333
0.7344319820404053
0.9960055351257324
0.5293879508972168
0.8355941772460938
1.8550055027008057
0.4129829406738281
0.8397138118743896
1.5329842567443848
1.4521827697753906
2.5431482791900635
0.7423572540283203
0.7887513637542725
0.6246588230133057
0.6860032081604004
0.8410038948059082
2.514982223510742
1.3001289367675781
2.9559969902038574
1.1587820053100586
1.3733878135681152
0.685230016708374
1.9783861637115479
0.8260993957519531
0.7300031185150146
0.9116089344024658
1.8974344730377197
1.7947378158569336
1.0990056991577148
1.5437071323394775
0.29699063301086426
0.725001335144043
1.5987544059753418
0.9263246059417725
0.9140002727508545
2.4450085163116455
0.7698321342468262
1.283994436264038
1.3371984958648682
2.9309980869293213
1.7170023918151855
2.319004774093628
1.2870001792907715
0.5870044231414795
1.0169978141784668
1.2260017395019531
0.5999984741210938
1.5150089263916016
1.3205780982971191
1.604128122329712
1.2354390621185303
1.2043228149414062
0.7410051822662354
0.8545947074890137
0.9910037517547607
1.5424551963806152
2.0257363319396973
0.8506121635437012
0.5140578746795654
3.0318210124969482
1.0866827964782715
0.8689911365509033
2.1120104789733887
1.3999245166778564
0.9762997627258301
0.9057817459106445
1.9049954414367676
2.4740030765533447
4.401998043060303
0.5029952526092529
0.9770002365112305
2.532013416290283
1.1526522636413574
1.2250280380249023
2.368992567062378
0.7915937900543213
