0.8521864414215088
0.26503634452819824
2.285612106323242
0.8137884140014648
1.5731022357940674
2.210162878036499
0.8977813720703125
0.5048582553863525
1.5459425449371338
1.3168187141418457
0.9042232036590576
0.9360284805297852
0.9877722263336182
1.1766762733459473
0.7929377555847168
1.3375792503356934
0.4674825668334961
0.6117937564849854
0.6817471981048584
0.2873871326446533
2.315474271774292
2.1983320713043213
1.434938669204712
1.805687427520752
0.7928299903869629
2.1720662117004395
1.877791404724121
0.822782039642334
1.3318507671356201
0.9408955574035645
3.013742685317993
1.4955272674560547
0.4660491943359375
0.9378464221954346
1.471346378326416
0.4994029998779297
0.5960071086883545
1.1625545024871826
0.533524751663208
0.37235260009765625
1.1715211868286133
1.1657440662384033
1.216399908065796
0.4639565944671631
2.6712255477905273
1.0295591354370117
1.5354127883911133
2.0929760932922363
0.5536396503448486
2.004122018814087
1.9754581451416016
1.9896352291107178
2.8360185623168945
1.9267656803131104
0.7173318862915039
0.9985451698303223
1.6796772480010986
1.1612772941589355
0.6739363670349121
1.4908246994018555
0.7784905433654785
1.0735807418823242
0.45175695419311523
0.5743474960327148
1.0847699642181396
2.2552764415740967
1.1597881317138672
0.4522087574005127
0.8158972263336182
0.8921768665313721
1.2088844776153564
0.5934047698974609
0.5600640773773193
0.4103672504425049
1.732818603515625
1.7443740367889404
0.9519364833831787
1.5302772521972656
0.3909733295440674
0.5258917808532715
0.3897101879119873
0.31499290466308594
2.39912486076355
0.8452785015106201
0.920891284942627
1.0813429355621338
1.8866562843322754
0.7682960033416748
1.366708517074585
1.6344590187072754
0.8268404006958008
0.5804405212402344
1.4398303031921387
1.2038607597351074
0.994786262512207
1.0681262016296387
1.4839472770690918
0.5824193954467773
1.0163252353668213
1.8675243854522705
1.8333230018615723
1.1197166442871094
1.284907341003418
0.9163970947265625
0.45777058601379395
1.1879899501800537
1.0392484664916992
2.378035306930542
1.6309542655944824
1.7002456188201904
1.3999383449554443
1.0191123485565186
1.1673555374145508
1.7656705379486084
0.7684950828552246
1.2234787940979004
0.6223587989807129
1.4539334774017334
1.208726406097412
1.365720272064209
2.4048140048980713
2.343543291091919
0.953629732131958
1.376293420791626
1.2844715118408203
0.6978671550750732
0.8107540607452393
0.4821662902832031
3.1266114711761475
1.4370012283325195
4.614199876785278
0.9379355907440186
1.2148404121398926
1.9698011875152588
2.763843059539795
1.5642626285552979
0.5585830211639404
2.6459689140319824
0.836540699005127
1.6790733337402344
0.9457049369812012
1.3434934616088867
1.034592628479004
1.1843998432159424
0.6891360282897949
2.5838592052459717
0.9666783809661865
0.9169702529907227
0.840024471282959
1.1419179439544678
0.758082389831543
1.3582775592803955
0.7240769863128662
0.8346645832061768
2.6016693115234375
0.7682597637176514
0.6088852882385254
0.9115414619445801
0.5639207363128662
0.9697816371917725
1.139704704284668
0.7447190284729004
0.5183093547821045
1.5148262977600098
1.2074835300445557
0.37491846084594727
0.44943881034851074
0.5472359657287598
0.6691703796386719
5.494225263595581
4.580385684967041
1.8002312183380127
2.242685556411743
0.7623763084411621
0.5814144611358643
2.3191468715667725
1.1908464431762695
2.1788737773895264
1.9449505805969238
1.1181671619415283
1.439009189605713
1.161064624786377
1.9973382949829102
1.3323230743408203
0.4806640148162842
2.0164453983306885
1.0323376655578613
0.48795509338378906
1.017566442489624
1.5097522735595703
1.9410815238952637
1.3047823905944824
1.6807541847229004
1.2472755908966064
1.8010823726654053
1.6313607692718506
1.094254970550537
1.1213877201080322
0.30000948905944824
1.0818097591400146
0.8656013011932373
1.9221596717834473
2.3654937744140625
1.0137689113616943
0.7292208671569824
1.1543643474578857
1.550774335861206
0.8341424465179443
1.2220487594604492
2.2824981212615967
0.5943093299865723
2.3360564708709717
1.8729093074798584
1.2261004447937012
1.150007963180542
2.7562661170959473
1.3901026248931885
1.3931784629821777
1.0006282329559326
1.2678415775299072
1.3082823753356934
2.251065969467163
1.1022229194641113
1.158928394317627
1.926241159439087
0.894716739654541
0.4271550178527832
2.0860791206359863
1.6576197147369385
0.58016037940979
0.2804849147796631
0.925220251083374
0.345700740814209
0.29659461975097656
1.1040396690368652
1.1316206455230713
0.28089070320129395
1.0473511219024658
1.4534540176391602
1.7355656623840332
1.609083652496338
1.3221240043640137
0.7566463947296143
0.6089091300964355
1.4119930267333984
2.3435747623443604
0.8424539566040039
0.6544654369354248
0.29932713508605957
1.7785899639129639
2.3039674758911133
0.5774452686309814
1.6199839115142822
0.6740505695343018
2.285764217376709
0.42264413833618164
2.0023725032806396
1.430403709411621
1.3016300201416016
0.4189000129699707
1.3738994598388672
1.82651686668396
3.148813486099243
1.7114229202270508
0.6045706272125244
0.8329389095306396
1.5611367225646973
1.888235092163086
0.5455617904663086
0.8364009857177734
0.40475988388061523
1.1046168804168701
1.6177072525024414
1.3224172592163086
1.1271724700927734
2.7757651805877686
2.3335602283477783
1.5306921005249023
0.40210604667663574
0.6993246078491211
2.306825637817383
1.2774989604949951
0.6918256282806396
0.5179786682128906
0.9884095191955566
1.5830097198486328
0.39003634452819824
1.3059990406036377
2.464348077774048
1.1868178844451904
0.8184385299682617
1.4663889408111572
1.0621023178100586
1.007469654083252
0.42433810234069824
0.9108908176422119
1.4740920066833496
0.924217939376831
1.1827619075775146
0.9491281509399414
1.5463471412658691
2.3709499835968018
0.9294154644012451
2.082836151123047
0.8600215911865234
1.3270204067230225
1.1232237815856934
1.9633097648620605
1.4243381023406982
0.36156463623046875
0.9886956214904785
1.5143816471099854
1.0904438495635986
1.4176661968231201
2.1212127208709717
0.5538215637207031
1.2152609825134277
1.7932426929473877
0.8823180198669434
0.9522199630737305
1.5800442695617676
0.535938024520874
0.7370450496673584
1.4468064308166504
0.33293986320495605
0.8909626007080078
2.5307509899139404
1.7174715995788574
1.4216639995574951
1.1619269847869873
2.0118954181671143
1.235654592514038
0.8838541507720947
1.7213051319122314
1.047529935836792
1.2031817436218262
1.1675598621368408
3.0387282371520996
1.8997268676757812
1.0353753566741943
1.0886797904968262
1.2646887302398682
2.7754018306732178
2.35528302192688
1.9508774280548096
1.4358539581298828
1.4816992282867432
0.7686371803283691
1.5985767841339111
0.7129077911376953
0.8687577247619629
1.3482353687286377
0.7648727893829346
0.5974764823913574
0.89188551902771
3.0630507469177246
2.3466806411743164
0.8965375423431396
0.5814766883850098
1.8885092735290527
0.7785391807556152
0.6070950031280518
1.6233131885528564
0.7611169815063477
0.5730390548706055
1.0396578311920166
0.3671102523803711
0.6650171279907227
0.5548005104064941
1.0190176963806152
0.5962247848510742
0.4835643768310547
0.42183423042297363
0.3204030990600586
1.3653175830841064
0.6161530017852783
0.7676963806152344
1.213111162185669
2.532013177871704
0.38645315170288086
1.1091315746307373
0.5915820598602295
2.763021230697632
0.5513012409210205
0.9149158000946045
1.09902024269104
1.4701030254364014
1.8159325122833252
0.683455228805542
0.6100728511810303
1.1162962913513184
0.7716064453125
0.975480318069458
1.0135471820831299
1.2617127895355225
1.50095534324646
0.6007113456726074
1.2542798519134521
1.2275457382202148
1.4707889556884766
0.3959207534790039
1.3866932392120361
0.9277653694152832
1.2241766452789307
0.4632706642150879
0.9191462993621826
1.9106829166412354
0.38013458251953125
1.036761999130249
0.35391759872436523
0.8161797523498535
2.6239993572235107
2.474997043609619
1.1434600353240967
2.3132336139678955
1.6345393657684326
1.1976492404937744
1.4360244274139404
0.7807614803314209
2.4307897090911865
2.2440152168273926
1.4946882724761963
2.1483020782470703
0.6062114238739014
2.6896188259124756
1.5521371364593506
1.801600456237793
0.9399688243865967
1.2902476787567139
2.020256519317627
0.8023958206176758
1.9890246391296387
1.5831360816955566
0.7992432117462158
0.28141283988952637
1.8108694553375244
1.0331063270568848
1.6275911331176758
1.3765578269958496
2.1600394248962402
0.9142136573791504
0.8136510848999023
1.3479058742523193
0.9611823558807373
1.1094696521759033
1.1303825378417969
1.9405994415283203
1.4812214374542236
0.735590934753418
0.36901330947875977
0.558197021484375
1.1190423965454102
0.48188018798828125
0.8546798229217529
3.194946765899658
1.2123749256134033
0.2853734493255615
1.061246633529663
1.196565866470337
2.7430858612060547
1.6561357975006104
1.241945505142212
0.9176938533782959
2.259688377380371
1.439901351928711
0.8019318580627441
1.5928380489349365
1.1678476333618164
0.8267061710357666
0.5615234375
0.9651484489440918
0.6624386310577393
1.3609392642974854
0.9427673816680908
3.235374927520752
1.070664882659912
2.6031620502471924
0.9657182693481445
1.8677012920379639
0.751741886138916
0.6169841289520264
0.4360013008117676
0.3791522979736328
2.1837289333343506
1.682157039642334
1.9308576583862305
0.7575831413269043
2.6675240993499756
0.9924278259277344
0.6579265594482422
0.5466299057006836
1.1676054000854492
0.8938255310058594
2.1538331508636475
1.9318783283233643
0.9058935642242432
1.5050578117370605
0.9593424797058105
1.1900460720062256
1.4857594966888428
0.4862680435180664
1.0136096477508545
0.8161499500274658
0.44797444343566895
0.33124589920043945
0.4025421142578125
2.350128173828125
2.167335033416748
0.27049994468688965
0.7767486572265625
0.44920873641967773
1.8968770503997803
2.0539486408233643
1.7769558429718018
4.6276021003723145
1.9582459926605225
0.6361515522003174
0.6591582298278809
2.896977186203003
2.269333839416504
1.6290428638458252
1.2819533348083496
1.7000422477722168
0.48168396949768066
1.579200029373169
0.4927968978881836
0.5247504711151123
1.4191272258758545
0.6259152889251709
1.3007500171661377
0.2169508934020996
2.966111421585083
1.450756549835205
0.41982412338256836
0.46776890754699707
1.3644530773162842
1.5077393054962158
0.6381509304046631
0.5861923694610596
0.6313827037811279
0.4672229290008545
1.0511233806610107
0.7139315605163574
0.9372248649597168
1.0363657474517822
2.0587451457977295
1.279686689376831
2.3730573654174805
1.061689853668213
3.6708483695983887
0.5977466106414795
0.8719639778137207
0.3127427101135254
1.4851903915405273
0.7798488140106201
0.6142430305480957
0.8115758895874023
1.0505101680755615
1.5201046466827393
2.7176411151885986
1.347205400466919
2.21274733543396
1.09653639793396
0.7902424335479736
0.5474486351013184
0.7787473201751709
1.0696964263916016
1.2172503471374512
2.9672529697418213
1.9649055004119873
0.7771320343017578
2.2730982303619385
0.8689563274383545
1.095200777053833
0.6102325916290283
0.8672239780426025
0.5165407657623291
1.4341654777526855
0.823814868927002
1.3580212593078613
0.46267080307006836
1.0279223918914795
1.057880163192749
0.6359603404998779
0.9752864837646484
1.606149673461914
1.1322708129882812
1.3514611721038818
0.7055869102478027
0.37676405906677246
1.26692533493042
0.8642582893371582
0.8835248947143555
1.013958215713501
0.850090742111206
0.938148021697998
1.102207899093628
2.3141086101531982
0.3915524482727051
1.291214942932129
1.2358684539794922
1.9106695652008057
1.6939523220062256
1.6731293201446533
1.0471558570861816
1.6204442977905273
1.0424721240997314
0.6826467514038086
1.3509001731872559
0.7723627090454102
0.5778086185455322
1.4250128269195557
2.2969372272491455
3.1194088459014893
1.547624111175537
0.4347541332244873
1.240875005722046
0.9480676651000977
2.2102560997009277
0.713883638381958
2.1191611289978027
0.899512529373169
0.6794164180755615
0.48169779777526855
1.887171745300293
0.8168528079986572
2.6828997135162354
2.192042350769043
0.9047021865844727
2.680265426635742
2.1273295879364014
0.47928881645202637
1.4497952461242676
1.8026137351989746
1.0756733417510986
1.470693588256836
1.3755311965942383
1.0676472187042236
0.9780354499816895
1.4117813110351562
0.5772011280059814
0.6614718437194824
0.519153356552124
0.773862361907959
0.641883134841919
0.8348288536071777
0.8644044399261475
0.6275513172149658
1.047959804534912
0.8650405406951904
1.074373722076416
5.043300151824951
0.9554662704467773
0.846888542175293
0.8676645755767822
0.4875349998474121
0.8769762516021729
0.7552731037139893
0.8064234256744385
1.7754886150360107
0.9210197925567627
1.1598868370056152
1.8003647327423096
1.435429573059082
0.7476706504821777
2.119596004486084
0.7496323585510254
0.7047255039215088
1.5525789260864258
1.415543556213379
0.27939271926879883
3.261709451675415
1.5343782901763916
4.1649510860443115
0.666264533996582
1.9189252853393555
1.076817274093628
1.0305070877075195
2.3939762115478516
2.2412965297698975
2.290729522705078
1.4164648056030273
2.308424234390259
0.5151340961456299
0.6194281578063965
0.5011558532714844
1.3756322860717773
0.42264318466186523
2.0798792839050293
1.2048721313476562
0.5346901416778564
1.1544392108917236
1.4595749378204346
0.9659388065338135
1.6153481006622314
1.33729887008667
0.2781362533569336
1.821955680847168
2.6778862476348877
1.2552592754364014
1.8755598068237305
0.9233272075653076
0.5044159889221191
0.859868049621582
1.3630938529968262
5.742098093032837
3.141864776611328
0.8507928848266602
0.535214900970459
1.2465360164642334
2.581479072570801
0.5959928035736084
2.133913278579712
2.0609145164489746
1.2507152557373047
1.058995008468628
1.184920310974121
1.9493725299835205
0.844956636428833
0.7932531833648682
0.5844340324401855
0.9847631454467773
0.7388908863067627
0.392486572265625
2.694046974182129
1.1492891311645508
0.994621753692627
2.2389516830444336
0.99910569190979
0.80594801902771
0.8895225524902344
1.4858920574188232
1.4971139430999756
0.5177929401397705
2.769636869430542
1.149963617324829
1.0335121154785156
2.161099433898926
0.3388514518737793
0.32440686225891113
1.3546772003173828
2.134993076324463
1.5641491413116455
0.5711369514465332
0.9260451793670654
0.980396032333374
2.3238892555236816
1.034111738204956
1.6693649291992188
2.3373911380767822
0.7392551898956299
1.3757407665252686
0.6008532047271729
2.2371766567230225
0.8492517471313477
0.6026365756988525
1.5826647281646729
0.8602457046508789
1.6687288284301758
0.46024107933044434
1.6073100566864014
0.3006856441497803
0.2971792221069336
3.1760551929473877
1.0638573169708252
0.35471129417419434
1.2701401710510254
0.7961959838867188
2.4631247520446777
0.8473556041717529
1.4407422542572021
1.3645033836364746
0.5536282062530518
1.4092884063720703
0.6730871200561523
0.3442089557647705
1.4844343662261963
0.952552318572998
1.8678061962127686
1.7666494846343994
0.650355339050293
3.880396604537964
2.0533390045166016
0.3532252311706543
0.76788330078125
1.0605683326721191
1.31815767288208
1.8505406379699707
0.31584906578063965
0.8613455295562744
0.6237607002258301
0.4537544250488281
1.7989857196807861
0.49149513244628906
0.3994603157043457
1.0649385452270508
1.3438420295715332
0.767629861831665
1.6963152885437012
2.0012378692626953
0.9668314456939697
0.8536479473114014
1.1643004417419434
2.077118158340454
1.0523900985717773
0.9556236267089844
3.1649746894836426
2.7177956104278564
1.267336368560791
1.588834524154663
0.9481432437896729
0.834813117980957
0.4967966079711914
1.5515341758728027
0.29378557205200195
0.9131669998168945
0.5365290641784668
0.6149821281433105
1.1605441570281982
1.4689218997955322
1.2869579792022705
1.48368239402771
2.115631341934204
1.0135846138000488
1.2087242603302002
1.6181488037109375
1.0778896808624268
0.5125265121459961
2.3049612045288086
0.7768266201019287
0.31482720375061035
0.790280818939209
0.7019588947296143
3.2533576488494873
0.5408062934875488
1.474534511566162
0.6319184303283691
2.3076882362365723
1.449202537536621
1.4188885688781738
0.8761885166168213
0.855097770690918
1.782304048538208
0.7711122035980225
1.19771146774292
0.7600834369659424
0.7234303951263428
2.808326005935669
1.0872488021850586
1.5024030208587646
1.6656036376953125
0.7978854179382324
1.458493947982788
2.334439516067505
0.43886351585388184
2.308387041091919
1.0812132358551025
0.849829912185669
1.9742765426635742
0.6774201393127441
1.1836655139923096
0.8334636688232422
0.9817442893981934
0.9034476280212402
0.4643270969390869
1.741058111190796
0.9911091327667236
0.6753911972045898
1.423095941543579
1.0322167873382568
0.22249746322631836
0.8294317722320557
1.3533592224121094
0.8505282402038574
0.4301910400390625
0.8303623199462891
1.071310043334961
2.8457138538360596
0.6651804447174072
1.314159631729126
0.9691731929779053
0.23560619354248047
0.40157175064086914
0.502471923828125
0.564579963684082
0.9045865535736084
1.078625202178955
1.665989875793457
0.5999670028686523
0.46535825729370117
0.7319302558898926
1.0849366188049316
2.493792772293091
0.3659517765045166
0.6543638706207275
0.8932886123657227
2.1903836727142334
0.318359375
1.9990229606628418
0.5820155143737793
0.9908285140991211
0.5122613906860352
0.4179990291595459
1.6284503936767578
1.5274314880371094
3.6251914501190186
2.418443441390991
0.7485904693603516
0.6000375747680664
1.8792810440063477
1.8690195083618164
1.0923616886138916
2.3251287937164307
0.9286656379699707
1.3443377017974854
0.7426867485046387
1.450181484222412
0.40079188346862793
1.1509220600128174
3.575439214706421
0.9486575126647949
3.6659438610076904
0.5667119026184082
3.233016014099121
3.3231451511383057
1.2092256546020508
0.4842860698699951
0.6236507892608643
1.7502620220184326
1.267838716506958
1.6893913745880127
1.9280445575714111
1.5384447574615479
0.5751762390136719
2.2229163646698
1.0855412483215332
0.6000354290008545
2.2820863723754883
1.128349781036377
1.1507000923156738
0.8574221134185791
1.360107421875
0.8705320358276367
1.329669713973999
0.8314051628112793
1.3026585578918457
1.2500755786895752
1.2840354442596436
1.3566248416900635
2.2571356296539307
1.3606691360473633
0.6492559909820557
0.8665049076080322
1.2480158805847168
0.4134957790374756
0.9676942825317383
0.593360185623169
1.2957990169525146
2.4539403915405273
0.9846174716949463
1.1214842796325684
0.48810338973999023
2.7673444747924805
2.1302547454833984
1.6333081722259521
1.5354108810424805
1.492722511291504
2.7693796157836914
1.1954903602600098
1.879725694656372
1.3989598751068115
0.4103560447692871
0.4931976795196533
0.7723104953765869
1.1728882789611816
0.679358720779419
0.9597194194793701
0.9862878322601318
1.064215898513794
0.5019769668579102
0.8164823055267334
1.5824954509735107
0.3832416534423828
2.0891783237457275
4.582464218139648
0.29645419120788574
2.0832948684692383
2.2058682441711426
0.6402103900909424
1.5187487602233887
0.8189718723297119
4.014986515045166
2.247830867767334
1.4017679691314697
1.2337336540222168
0.3929257392883301
0.8468008041381836
1.5264475345611572
0.6364495754241943
0.7814488410949707
