3.1961066722869873
2.1130290031433105
0.6136939525604248
1.3414921760559082
2.1836612224578857
1.628286361694336
0.9070007801055908
2.4050793647766113
1.5368576049804688
1.052048921585083
0.6469767093658447
0.3016066551208496
0.7624409198760986
2.933002471923828
0.582665205001831
1.590993881225586
0.6517398357391357
1.072115421295166
1.3880243301391602
0.8388926982879639
0.5743427276611328
1.795978307723999
2.159999132156372
2.0533947944641113
1.165931224822998
1.1419987678527832
0.923137903213501
1.215026617050171
0.5599150657653809
1.151477575302124
1.4429843425750732
1.2504889965057373
1.2659037113189697
2.150808095932007
1.7960114479064941
0.8431525230407715
3.347998857498169
2.301999568939209
0.90240478515625
0.6524088382720947
1.5429332256317139
1.052046775817871
0.8290014266967773
1.2462952136993408
0.31818389892578125
0.7867867946624756
2.0139999389648438
0.754131555557251
2.8313705921173096
2.1689436435699463
1.7452998161315918
0.9799976348876953
3.874157428741455
1.4669830799102783
2.076889991760254
2.5124831199645996
1.449127197265625
1.8116445541381836
1.1951158046722412
1.767418384552002
0.819298267364502
2.0980217456817627
3.049976110458374
1.139000415802002
1.169001579284668
1.6340069770812988
3.057988405227661
2.2360000610351562
0.3800039291381836
2.036996841430664
2.3655636310577393
2.32718563079834
1.5179994106292725
0.6542446613311768
1.7323007583618164
1.0361621379852295
0.8280012607574463
0.9264335632324219
0.9852862358093262
0.6387579441070557
1.3540294170379639
1.1340234279632568
0.8238275051116943
1.1646437644958496
0.6932463645935059
2.656287908554077
1.8426384925842285
0.23853588104248047
2.5263962745666504
1.74214768409729
1.9129393100738525
1.221125602722168
1.639148235321045
0.7557315826416016
0.8882479667663574
3.377002716064453
0.9464921951293945
1.352341651916504
0.6101491451263428
1.1384267807006836
0.5769667625427246
1.2399911880493164
0.9770069122314453
1.462285041809082
0.3360254764556885
0.9206845760345459
0.609992504119873
0.5451376438140869
0.6757924556732178
1.081300973892212
0.3558065891265869
0.5586733818054199
0.6567521095275879
0.6686263084411621
1.2937092781066895
0.7175793647766113
3.989574670791626
0.6765766143798828
1.52297043800354
0.25899767875671387
1.7119910717010498
1.3211250305175781
1.1439778804779053
0.5739963054656982
1.0907936096191406
1.72629976272583
1.3219985961914062
1.9679932594299316
1.4561960697174072
0.3929462432861328
0.5567786693572998
0.9880242347717285
1.338977575302124
2.611790895462036
0.6396360397338867
1.017324447631836
1.8969991207122803
2.1709940433502197
1.0370397567749023
0.8598694801330566
0.4491081237792969
0.8424007892608643
0.8589699268341064
1.5600049495697021
1.040482521057129
2.411003589630127
2.7029967308044434
1.0205886363983154
0.6775064468383789
0.4864921569824219
2.7432284355163574
3.0421061515808105
0.798001766204834
1.0404748916625977
1.0275895595550537
2.159998655319214
1.3709981441497803
1.51399827003479
0.9097301959991455
2.0949947834014893
0.44060230255126953
1.8004498481750488
1.006025791168213
1.2912912368774414
1.9699971675872803
1.5988686084747314
5.475408554077148
1.3035242557525635
0.29509973526000977
2.5717339515686035
2.1060006618499756
1.1510097980499268
1.5316352844238281
1.5419988632202148
2.3186585903167725
1.0579931735992432
1.3113367557525635
0.45848560333251953
4.337401628494263
0.9109451770782471
1.06801438331604
3.337954521179199
1.1204659938812256
1.1943254470825195
0.6600022315979004
1.5971271991729736
1.536996841430664
1.2010037899017334
1.8989567756652832
2.7759909629821777
0.727001428604126
1.5689990520477295
1.19464111328125
1.2929997444152832
2.417041540145874
1.1593129634857178
3.357006788253784
1.0508489608764648
1.6960437297821045
2.0509774684906006
1.6670012474060059
1.3940098285675049
1.262808084487915
0.3724551200866699
1.9529187679290771
0.7949697971343994
1.4309463500976562
0.7422387599945068
0.49779295921325684
0.861076831817627
0.867171049118042
1.0240578651428223
0.7049977779388428
1.251298189163208
0.5166330337524414
2.347026824951172
0.8100001811981201
1.87599778175354
1.275662899017334
1.0020711421966553
0.8199188709259033
0.7104895114898682
2.100019931793213
0.9133808612823486
0.6428577899932861
2.5530803203582764
3.2910022735595703
1.6686594486236572
0.6191830635070801
0.4483332633972168
0.8366034030914307
1.751413345336914
1.9717886447906494
2.4378318786621094
2.20548152923584
1.080132246017456
2.639566659927368
1.3452870845794678
0.812000036239624
1.5919313430786133
2.046992301940918
2.557864189147949
1.228147029876709
2.0469980239868164
0.2924516201019287
0.408414363861084
1.6689989566802979
2.001995086669922
1.4832394123077393
0.9559991359710693
0.6659436225891113
0.4790017604827881
2.964024305343628
3.333005905151367
2.174391746520996
1.150010585784912
1.3604671955108643
0.3040022850036621
0.9542112350463867
0.4629950523376465
0.5179991722106934
0.49142026901245117
0.9019989967346191
0.4369943141937256
0.6513869762420654
0.8951404094696045
1.0869803428649902
1.2064294815063477
2.1581666469573975
0.6922495365142822
1.0269906520843506
0.5272014141082764
1.0787887573242188
1.6169960498809814
1.078658103942871
2.0049939155578613
1.0130023956298828
1.7764232158660889
1.238997459411621
0.9099853038787842
0.7725813388824463
1.9910340309143066
0.9470202922821045
1.7189090251922607
1.3038394451141357
1.5845098495483398
1.6719741821289062
0.2869091033935547
1.1893641948699951
1.280001163482666
1.4810855388641357
1.204681396484375
1.6450350284576416
1.2229881286621094
0.7028937339782715
1.5279922485351562
1.1825017929077148
0.9470052719116211
1.0804564952850342
0.7164874076843262
1.3534634113311768
0.8820273876190186
1.7417428493499756
1.4747650623321533
1.116567611694336
1.4977450370788574
0.8888289928436279
1.0469920635223389
2.18900203704834
1.7123870849609375
1.6637063026428223
0.8803083896636963
1.8949971199035645
2.662511110305786
0.8773367404937744
1.076291799545288
1.7170097827911377
0.9790029525756836
2.043017625808716
0.9003851413726807
0.9809999465942383
2.345003366470337
1.134535789489746
0.7536160945892334
0.47656822204589844
1.5473847389221191
2.359825372695923
1.4196124076843262
1.4689154624938965
0.38399672508239746
0.8559980392456055
2.0849804878234863
1.0079905986785889
0.6093733310699463
1.3425252437591553
0.6153995990753174
0.9589426517486572
0.7139987945556641
0.8613295555114746
0.7432122230529785
0.8397929668426514
2.334939956665039
1.5795338153839111
1.7472038269042969
1.8609962463378906
4.308999300003052
0.5770025253295898
1.6030025482177734
7.030002117156982
1.1409456729888916
0.7993404865264893
1.3476672172546387
2.8189711570739746
1.538562297821045
0.8410012722015381
2.3026418685913086
1.8021886348724365
1.0621998310089111
0.6250104904174805
2.4134857654571533
2.4470300674438477
0.48241543769836426
1.003208875656128
0.7259869575500488
1.0656321048736572
1.5287139415740967
1.9480693340301514
0.6123189926147461
0.8146662712097168
0.5154156684875488
0.9522438049316406
0.5167698860168457
0.6867203712463379
1.01198148727417
0.390000581741333
1.5020010471343994
0.5779242515563965
1.0150089263916016
2.3112661838531494
1.0872366428375244
1.410001516342163
0.8076736927032471
2.695998430252075
0.6740005016326904
0.315997838973999
0.5370016098022461
1.6399998664855957
1.0519988536834717
2.2680037021636963
0.31099390983581543
1.2710011005401611
0.8090012073516846
0.6880016326904297
0.2200019359588623
1.9349944591522217
0.8385167121887207
0.7699856758117676
1.2469987869262695
0.9020037651062012
1.0809979438781738
1.0420005321502686
1.6990089416503906
0.43200159072875977
1.122002124786377
2.1873552799224854
1.8740262985229492
0.5419940948486328
2.855006456375122
1.2709968090057373
0.7250082492828369
2.064866542816162
2.8781821727752686
2.5219998359680176
0.7719955444335938
0.6569924354553223
1.0880014896392822
1.5740015506744385
1.4060075283050537
2.5469977855682373
0.8919894695281982
2.800729274749756
2.8069992065429688
1.095996618270874
2.881002187728882
1.4890015125274658
2.6499991416931152
0.99300217628479
4.1100640296936035
1.3149986267089844
1.1860220432281494
0.7129983901977539
1.014998197555542
3.007004976272583
0.5109970569610596
1.4470016956329346
1.0529983043670654
1.5790045261383057
1.9410011768341064
0.9690036773681641
0.8523688316345215
2.16947340965271
1.664717197418213
1.8197236061096191
0.41318225860595703
5.0299999713897705
0.9179797172546387
1.8140006065368652
0.6480028629302979
0.9100015163421631
2.4179959297180176
5.4840004444122314
1.6560075283050537
1.541919469833374
2.056931495666504
0.5411019325256348
0.8284878730773926
0.5230698585510254
1.533226490020752
0.7342140674591064
1.1143150329589844
0.8842759132385254
0.9640040397644043
0.922743558883667
0.33273959159851074
0.727999210357666
1.047163963317871
1.2264461517333984
1.407067060470581
0.9041645526885986
0.7637002468109131
3.436995267868042
1.7681663036346436
2.2669146060943604
1.2341232299804688
0.8929994106292725
0.5879993438720703
1.1580007076263428
0.9400031566619873
1.1240026950836182
1.6288909912109375
1.2110002040863037
1.9939978122711182
0.863997220993042
1.6810040473937988
3.4320013523101807
1.5610063076019287
1.0909993648529053
1.5815014839172363
0.5737690925598145
2.228829860687256
0.7991783618927002
0.35402703285217285
0.9866979122161865
1.2858846187591553
1.0064897537231445
0.33800458908081055
1.5264053344726562
0.6058156490325928
1.849191665649414
0.468353271484375
0.8682801723480225
0.8107175827026367
0.8591406345367432
0.5329680442810059
1.6850030422210693
3.0561981201171875
1.407322883605957
0.9449987411499023
2.4600234031677246
0.5563755035400391
1.6499993801116943
0.7679975032806396
2.931009292602539
1.8050005435943604
0.7019913196563721
0.7320044040679932
1.058995246887207
0.47405409812927246
0.7920045852661133
0.5881602764129639
1.281001329421997
0.9188761711120605
0.55399489402771
1.3148541450500488
0.5059888362884521
1.9127964973449707
1.3060047626495361
2.3573849201202393
0.9045655727386475
1.7709999084472656
0.546973705291748
1.2274696826934814
2.72226881980896
0.9932396411895752
1.0827157497406006
1.767580270767212
2.099886655807495
3.09900164604187
0.849912166595459
0.8633673191070557
1.3658671379089355
0.8109991550445557
0.9480001926422119
0.31499576568603516
0.5576050281524658
0.731006383895874
0.3249948024749756
0.8921358585357666
0.7377724647521973
1.021714210510254
2.054001569747925
3.167997121810913
0.832796573638916
1.212001085281372
1.0762078762054443
0.8719995021820068
1.0353710651397705
2.5770020484924316
1.005894422531128
1.0189852714538574
1.8680267333984375
0.7109949588775635
0.8277628421783447
1.4650075435638428
2.647003650665283
0.8710002899169922
1.2881739139556885
1.3421013355255127
1.5664772987365723
0.7426936626434326
1.1063740253448486
1.2686729431152344
0.5079920291900635
2.2599971294403076
0.7999966144561768
2.344996213912964
0.7746496200561523
2.4141018390655518
0.31897640228271484
1.417996883392334
0.7117209434509277
1.4268267154693604
0.9869976043701172
1.4860007762908936
0.9520003795623779
0.6218433380126953
1.0379831790924072
1.7257230281829834
0.43305420875549316
2.0362350940704346
1.769007682800293
1.0560050010681152
1.7979979515075684
1.0909974575042725
0.5170032978057861
2.4395546913146973
0.5169973373413086
1.664001226425171
1.335996389389038
1.6810030937194824
1.6737701892852783
0.5519969463348389
1.8539977073669434
0.7449977397918701
0.6100034713745117
0.8454344272613525
0.9370303153991699
1.3436243534088135
2.531003713607788
2.9749999046325684
1.4332242012023926
0.9920008182525635
0.5429966449737549
1.9319968223571777
0.4646580219268799
2.2291100025177
0.5353648662567139
0.5370402336120605
2.298837184906006
0.36600399017333984
1.1592800617218018
0.6318662166595459
0.6927902698516846
1.1611979007720947
0.6497757434844971
0.6422107219696045
1.1110033988952637
1.960073471069336
2.248267412185669
1.0277249813079834
0.581000804901123
0.939000129699707
1.4180068969726562
0.954092264175415
0.48339295387268066
0.5920026302337646
0.7879984378814697
0.8910033702850342
1.0954616069793701
0.29299259185791016
0.642000675201416
1.5929977893829346
2.1606693267822266
0.7757818698883057
0.3749985694885254
0.3320021629333496
1.0020058155059814
1.5039958953857422
1.3830018043518066
1.3389735221862793
0.7848196029663086
2.4364492893218994
0.8633401393890381
0.5499818325042725
1.2305676937103271
1.5507886409759521
1.131183385848999
2.177513837814331
2.1478335857391357
1.285215139389038
0.6336169242858887
1.305039882659912
0.7060661315917969
1.3130066394805908
0.48162245750427246
0.749950647354126
1.4689931869506836
1.17987060546875
0.7441434860229492
0.8449981212615967
0.4663667678833008
0.6231565475463867
2.452411651611328
0.7872934341430664
0.7127351760864258
2.7456979751586914
1.1300010681152344
0.6379985809326172
0.6270720958709717
0.6854920387268066
1.5837502479553223
1.1689488887786865
0.4486806392669678
1.098262071609497
0.8332440853118896
1.8080296516418457
0.640143871307373
1.3639914989471436
0.5071749687194824
2.1310043334960938
1.942824363708496
0.3070027828216553
3.160001039505005
3.262998580932617
2.4130029678344727
1.5239958763122559
0.7402293682098389
0.6849687099456787
0.37101244926452637
0.2615029811859131
1.762005090713501
1.0139949321746826
0.7440316677093506
0.7613177299499512
0.4170069694519043
0.7142117023468018
1.8589072227478027
0.47087597846984863
2.1775505542755127
0.40880537033081055
1.9830043315887451
0.8649406433105469
1.3757116794586182
0.40965986251831055
0.5580062866210938
2.4240562915802
1.7660036087036133
0.27500343322753906
0.4139556884765625
2.5351383686065674
1.460998773574829
0.8449611663818359
1.2558116912841797
1.321997880935669
1.0083160400390625
0.5511164665222168
0.534919023513794
1.3024797439575195
1.1561496257781982
0.39501333236694336
1.9740962982177734
2.0520026683807373
1.2588164806365967
0.8772201538085938
1.677013635635376
1.0760014057159424
0.9960002899169922
2.426027297973633
1.5239973068237305
1.4276022911071777
1.0920257568359375
0.6659862995147705
0.9366614818572998
1.2096879482269287
1.952892541885376
0.37501025199890137
2.1203196048736572
0.9584090709686279
3.125638008117676
0.7961196899414062
1.2897257804870605
0.3459892272949219
1.4093427658081055
0.6560845375061035
2.2491672039031982
3.165695905685425
1.7526416778564453
0.795018196105957
0.4194328784942627
1.370267391204834
2.2179348468780518
1.5024058818817139
2.9509923458099365
1.492027997970581
3.7749922275543213
1.8964014053344727
0.6543359756469727
0.45046091079711914
1.0749993324279785
0.5548856258392334
0.7593529224395752
2.662156581878662
1.1780083179473877
0.8051357269287109
1.2844359874725342
1.6577484607696533
0.8681044578552246
1.0609731674194336
0.3411064147949219
1.6810541152954102
0.5592257976531982
1.4200074672698975
0.9359679222106934
1.136991262435913
2.6750073432922363
2.0972094535827637
0.7805643081665039
2.3050076961517334
1.1269116401672363
1.0996675491333008
1.5522966384887695
1.5254414081573486
1.0140106678009033
1.0230426788330078
0.470991849899292
0.9024732112884521
0.5677876472473145
1.328446626663208
1.0379183292388916
1.0707733631134033
2.852003335952759
0.8599960803985596
0.3249952793121338
1.1440093517303467
2.030179977416992
2.5344433784484863
0.7649440765380859
0.9135174751281738
0.8152017593383789
0.744635820388794
1.4091062545776367
0.8180134296417236
2.2172627449035645
1.7719967365264893
0.6130008697509766
1.342761754989624
0.2552015781402588
0.923011302947998
0.340010404586792
0.9619965553283691
1.0149953365325928
0.658008337020874
0.8059937953948975
0.7454347610473633
0.5199987888336182
0.41413021087646484
0.7210006713867188
1.7757976055145264
0.32491636276245117
1.7304627895355225
2.153353214263916
2.74776291847229
0.9671733379364014
1.27586030960083
0.5234496593475342
1.7080023288726807
1.4648609161376953
1.925997257232666
0.8696455955505371
0.8074660301208496
2.971007823944092
1.288989543914795
0.3636970520019531
2.138558864593506
0.7645578384399414
0.5329782962799072
0.5893990993499756
1.5190861225128174
0.8879914283752441
0.37597179412841797
3.936480760574341
1.886277437210083
2.5666706562042236
1.564997673034668
1.7920045852661133
1.6730027198791504
3.3609976768493652
1.860002040863037
0.8329980373382568
2.042095422744751
1.0705711841583252
2.2979891300201416
1.1154890060424805
1.247866153717041
0.9562761783599854
0.26036953926086426
0.28360652923583984
0.7940385341644287
1.0666368007659912
2.1719982624053955
0.7699971199035645
3.8439979553222656
1.2442045211791992
1.9749975204467773
2.7472240924835205
0.9080069065093994
1.6879944801330566
1.4340004920959473
0.5092530250549316
1.0133159160614014
4.531995534896851
1.9560043811798096
1.2589943408966064
2.2610037326812744
4.4370033740997314
0.9339935779571533
3.0030012130737305
1.6472969055175781
1.2050058841705322
1.148996114730835
0.8139972686767578
1.268003225326538
1.1579957008361816
0.9490029811859131
1.4223570823669434
2.5459978580474854
1.8770067691802979
0.5230002403259277
0.6599993705749512
1.0929977893829346
1.0112144947052002
0.587975263595581
0.8694298267364502
1.4735488891601562
0.9199936389923096
0.7817323207855225
1.4280023574829102
0.4573838710784912
4.063114881515503
1.5178382396697998
1.8111400604248047
0.7070086002349854
1.1910037994384766
2.325451374053955
2.678795576095581
1.0517308712005615
0.9511585235595703
1.036999225616455
0.9089980125427246
1.260512113571167
0.9691288471221924
2.031858205795288
2.200434684753418
1.154503583908081
0.7818117141723633
1.0729951858520508
1.6646430492401123
1.5569887161254883
0.33907532691955566
0.40805578231811523
3.9700052738189697
0.635998010635376
0.8637194633483887
1.693000078201294
1.367093563079834
2.4676663875579834
0.873387336730957
2.1520004272460938
2.6521027088165283
0.7473554611206055
1.451002836227417
0.7466259002685547
0.8210053443908691
1.5886223316192627
1.3950233459472656
1.6949975490570068
0.29318857192993164
0.7411708831787109
1.8499882221221924
0.6265323162078857
1.7444984912872314
2.5023558139801025
0.8009932041168213
1.8840031623840332
1.4654960632324219
0.84548020362854
0.8151295185089111
2.2209997177124023
1.1470081806182861
0.9246604442596436
0.3089866638183594
0.8519997596740723
0.23599791526794434
1.7740051746368408
6.402998208999634
3.158999443054199
6.468000888824463
2.4790022373199463
4.295996427536011
2.2700061798095703
3.9241254329681396
0.48300886154174805
1.4114391803741455
1.1269960403442383
10.24682331085205
6.2260026931762695
1.5050044059753418
1.902998447418213
1.759007453918457
0.44699907302856445
5.425004243850708
1.6379988193511963
6.345001459121704
0.5740067958831787
5.517131090164185
3.4800047874450684
1.798004388809204
1.717991590499878
3.9064507484436035
2.7439911365509033
2.8329975605010986
0.9840044975280762
0.44643092155456543
1.6337754726409912
1.9067392349243164
1.047003984451294
1.5389914512634277
0.8700034618377686
0.643993616104126
2.3570010662078857
